0.084396       1.541774
0.785294       0.906839
0.600765       0.373787
1.580714       0.326992
0.809242       0.771620
0.506535       1.402258
1.525963       1.517054
0.336675       1.247247
1.070263       0.434158
0.058757       1.110127
0.041879       0.235962
1.964402       1.158939
1.347349       1.707371
1.064078       0.710365
1.132945       1.288759
1.694937       1.585022
1.278087       1.919465
1.451181       1.016466
0.828630       0.723363
1.704316       1.488794
0.396539       0.716042
0.458211       1.380351
0.907101       0.532892
1.310561       1.543090
0.419880       1.866925
1.911818       0.830027
1.352484       1.619004
1.267275       0.244171
0.151282       0.470325
0.557405       1.782053
0.248404       0.368441
0.803565       0.208131
1.467608       0.248192
0.881931       0.730474
1.516744       1.993959
1.096779       1.864899
1.254546       0.735091
1.395519       1.972664
0.682606       1.331819
1.409994       0.579049
1.938858       0.190007
0.499661       0.565442
1.845300       1.423588
1.014596       1.357984
0.154841       0.012601
1.965103       0.383914
0.515974       1.342868
1.011992       1.443600
0.007183       1.321455
0.951827       0.352000
