-0.064657       0.324899
-0.313215       -0.027194
-0.018120       -0.225215
-0.339345       0.922459
-0.546408       0.792935
-0.278195       -0.586904
0.094394       0.592412
0.881959       0.035159
-0.361768       -0.055157
0.744431       -0.494124
-0.103038       0.172882
-0.529808       -0.752955
-0.056972       0.817322
-0.269353       0.443806
-0.388275       -0.334891
0.841908       0.917048
0.739778       0.361344
0.922397       0.520451
0.419227       -0.636011
0.030213       -0.530055
-0.875867       0.689711
0.793349       -0.698387
-0.139590       -0.407157
0.699881       -0.882168
0.031952       0.733306
0.271809       -0.283533
0.534962       0.874882
-0.484074       -0.872073
-0.367785       -0.918650
-0.974089       0.935799
-0.897156       0.201627
-0.583465       0.692673
0.569905       0.380961
0.682141       -0.677769
0.068555       0.273768
0.492731       0.828568
0.238352       -0.439812
0.208958       0.966693
-0.541768       -0.922224
0.834452       0.880622
0.242858       -0.866165
0.208799       0.405707
-0.725641       0.878823
0.104975       0.393744
-0.271068       -0.969599
-0.777347       0.676279
-0.291923       -0.378682
0.147977       0.105606
-0.378895       -0.503732
0.002408       -0.953686
